Execucoes para 1048576
8448
8457
8474
8437
8427
8432
8457
8487
8490
8442
8486
8508
8454
8439
8439
8507
8422
8440
8424
8422
8407
8456
8421
8438
8505
8556
8488
8543
8438
8504
Execucoes para 2097152
9621
14946
14894
14976
14877
14911
14945
14875
14862
14960
14878
14944
14963
14927
14927
14943
14945
14927
14912
14927
14875
14927
14896
14877
14927
14896
14959
14878
14878
14914
Execucoes para 4194304
17212
27720
27706
27742
27765
27738
27703
27786
27723
27753
27760
27749
27720
27755
27704
27852
27773
27753
27705
27687
27721
27720
27719
27753
27738
27720
27904
27740
27768
27773
Execucoes para 6291456
29905
40712
40647
40680
40631
40666
40714
40682
40663
40750
40645
40664
40682
40718
40695
40731
40697
40701
40646
40663
40700
40695
40698
40766
40747
40698
40728
40666
40649
40681
Execucoes para 8388608
42519
53555
53576
54023
53527
53555
53578
53573
53575
53507
53540
53511
53537
53576
53554
53707
53575
53561
53556
53559
53543
53570
53544
53559
53525
53574
53525
53524
53491
53559
Execucoes para 10485760
55187
66455
66401
66384
66383
66372
66431
66467
66402
66385
66402
66402
66385
66388
66386
66441
66405
66384
66371
66406
66403
66403
66454
66434
66538
66368
66386
66406
66417
66385
